# H0 logA n_s omega_b omega_cdm DES_DzL1 DES_DzL2 DES_DzL3 DES_DzL4 DES_DzL5 DES_b1 DES_b2 DES_b3 DES_b4 DES_b5 DES_DzS1 DES_DzS2 DES_DzS3 DES_DzS4 DES_m1 DES_m2 DES_m3 DES_m4 DES_AIA DES_alphaIA
  1.1429175E+00  -3.3471997E-02  -3.8391402E-03   2.6213653E-04   4.1800073E-03  -1.5316366E-04  -5.1283499E-04  -1.9042601E-04   9.3065437E-05  -2.3134022E-04  -4.1921122E-03  -1.2088183E-02  -8.8261867E-03  -8.1575237E-03  -7.4110762E-03   1.0538781E-04  -1.0092758E-03  -4.4846434E-04  -4.7819166E-05   1.1068643E-03   2.5537416E-04  -1.9009891E-03  -2.0155255E-03   4.7706132E-03   1.7194762E-02
 -3.3471997E-02   8.1599628E-03   3.5214260E-04  -2.9634046E-06  -4.0873629E-04  -1.1574422E-05   4.5681333E-05   1.8308282E-05   2.4241617E-05   1.0649918E-06  -3.4420447E-03  -3.4613566E-03  -3.9318375E-03  -4.8102549E-03  -5.4117397E-03   1.4648625E-05   2.2387908E-06  -6.3100208E-05  -2.4166414E-04  -2.8386547E-06  -7.7035815E-05  -1.8041318E-04  -1.5084050E-04   1.0617955E-03  -2.4542181E-03
 -3.8391402E-03   3.5214260E-04   4.1660200E-04  -4.3762169E-07  -3.7370821E-05  -1.4185484E-06   5.6589820E-06  -1.2799255E-06  -3.1678628E-06  -3.3442182E-06  -1.2723317E-04   2.7884145E-06   4.0473563E-05   4.0147272E-05   1.0770815E-04  -3.6539664E-06   7.1024084E-06   9.3516708E-07  -1.7148284E-05   1.0092331E-05  -1.4839497E-05   8.9836069E-06  -2.0278943E-06   1.5311342E-04   2.0887996E-03
  2.6213653E-04  -2.9634046E-06  -4.3762169E-07   2.8649391E-07   6.8819005E-07  -3.8474292E-08  -7.8084418E-08  -1.5932697E-07   3.9680931E-07   3.4021223E-07  -5.0877820E-07  -1.0528372E-06  -1.9132230E-06  -1.3799791E-06  -1.9040233E-06  -2.9583784E-07  -1.2033038E-07  -2.0902019E-07   2.3897011E-07   1.3897816E-07  -5.8070041E-08  -3.2746121E-07  -2.8423705E-07   3.4688002E-06   8.5477738E-05
  4.1800073E-03  -4.0873629E-04  -3.7370821E-05   6.8819005E-07   3.4039304E-05  -1.1647698E-06  -4.7124153E-06  -1.1011937E-06  -1.6693650E-06  -1.7391129E-06   1.0880358E-04   5.1723337E-05   8.1792745E-05   1.0912047E-04   1.3755768E-04   2.3471744E-06  -4.6897206E-06  -2.9163918E-06  -2.6838321E-06   9.6273053E-07   1.2276036E-06  -1.6715664E-05  -1.2797399E-05   3.7794107E-05  -6.7654004E-04
 -1.5316366E-04  -1.1574422E-05  -1.4185484E-06  -3.8474292E-08  -1.1647698E-06   5.3250138E-05   1.8104968E-06  -1.1554422E-06  -4.5475015E-08  -1.7143128E-06   1.7463229E-04   1.5507356E-05   1.8752573E-05   3.1588057E-05  -2.7652199E-06  -9.7896967E-07  -1.5366508E-07   2.5843663E-06   1.4529353E-06   1.7029818E-06   7.4648790E-08   4.7945037E-06   2.6793372E-06  -6.4177245E-05   1.1313217E-03
 -5.1283499E-04   4.5681333E-05   5.6589820E-06  -7.8084418E-08  -4.7124153E-06   1.8104968E-06   4.0680918E-05  -2.3202354E-06   2.7817340E-06  -3.4236417E-07   1.8907253E-05   6.7364384E-05  -4.5005048E-06   7.7275497E-06   2.1955920E-05   3.6465104E-06   2.1857490E-06   6.4579814E-07   1.4204577E-06  -2.8473727E-07   3.6446592E-06  -2.9274773E-08   1.3620393E-06  -6.3078773E-05  -6.9014793E-04
 -1.9042601E-04   1.8308282E-05  -1.2799255E-06  -1.5932697E-07  -1.1011937E-06  -1.1554422E-06  -2.3202354E-06   4.0987407E-05   1.0068498E-06   2.2735670E-06  -1.9834244E-05  -1.4927440E-05   4.2764059E-05   1.1556863E-05  -2.0538876E-05  -4.0714730E-06   3.2012643E-06   5.4236920E-06  -4.0002131E-06  -2.3589582E-06   3.5673733E-08  -4.1890772E-06   4.7036947E-07   4.3659029E-05   4.3418014E-04
  9.3065437E-05   2.4241617E-05  -3.1678628E-06   3.9680931E-07  -1.6693650E-06  -4.5475015E-08   2.7817340E-06   1.0068498E-06   8.3513731E-05   1.0721947E-06  -5.2346158E-06   1.7991121E-05   7.4289685E-06   1.0680358E-04   2.3217045E-05   2.0775044E-07  -1.3515312E-06   9.1960600E-06   8.7409954E-06   1.1196736E-05   1.8145251E-06  -1.8828472E-07   8.2129664E-06  -2.6063151E-04  -8.5392352E-04
 -2.3134022E-04   1.0649918E-06  -3.3442182E-06   3.4021223E-07  -1.7391129E-06  -1.7143128E-06  -3.4236417E-07   2.2735670E-06   1.0721947E-06   9.8381738E-05  -1.3854263E-05   3.1703707E-05   2.9482253E-05   1.1902686E-05   1.5424135E-04  -3.5589781E-06  -5.0027923E-08   1.1384318E-06   6.2336566E-06  -1.5818890E-06   1.8961554E-05  -4.4692621E-06   5.1174472E-06   6.1192401E-05  -1.9162708E-04
 -4.1921122E-03  -3.4420447E-03  -1.2723317E-04  -5.0877820E-07   1.0880358E-04   1.7463229E-04   1.8907253E-05  -1.9834244E-05  -5.2346158E-06  -1.3854263E-05   6.9281188E-03   1.8614477E-03   2.1741103E-03   2.8326604E-03   2.8342555E-03  -1.9515333E-05  -9.3288398E-06   7.9479466E-05   1.6585009E-04  -4.3497754E-05   3.1186337E-05   3.1853265E-04   1.0255343E-04  -6.9937975E-04   1.6940217E-02
 -1.2088183E-02  -3.4613566E-03   2.7884145E-06  -1.0528372E-06   5.1723337E-05   1.5507356E-05   6.7364384E-05  -1.4927440E-05   1.7991121E-05   3.1703707E-05   1.8614477E-03   5.3192569E-03   2.7838580E-03   3.3445248E-03   3.6411925E-03  -3.5246054E-05   4.8588304E-05   9.2023341E-05   2.2516529E-04  -4.1061671E-06   1.2467262E-04   3.4707442E-04   2.6820438E-04  -1.7625184E-03   3.3533317E-03
 -8.8261867E-03  -3.9318375E-03   4.0473563E-05  -1.9132230E-06   8.1792745E-05   1.8752573E-05  -4.5005048E-06   4.2764059E-05   7.4289685E-06   2.9482253E-05   2.1741103E-03   2.7838580E-03   4.6779421E-03   3.5705260E-03   3.8397981E-03  -5.3020295E-05   4.5142367E-05   7.4445834E-05   2.4307058E-04  -2.2263295E-05   2.9103068E-05   2.9095880E-04   2.7303742E-04  -1.4424642E-03   5.6251429E-03
 -8.1575237E-03  -4.8102549E-03   4.0147272E-05  -1.3799791E-06   1.0912047E-04   3.1588057E-05   7.7275497E-06   1.1556863E-05   1.0680358E-04   1.1902686E-05   2.8326604E-03   3.3445248E-03   3.5705260E-03   6.7807693E-03   4.7139667E-03  -2.9572376E-05   6.6524646E-05   1.0467810E-04   3.1081551E-04  -9.0121249E-06   5.6688460E-05   3.6826207E-04   2.9796149E-04  -1.9136659E-03   1.1117835E-03
 -7.4110762E-03  -5.4117397E-03   1.0770815E-04  -1.9040233E-06   1.3755768E-04  -2.7652199E-06   2.1955920E-05  -2.0538876E-05   2.3217045E-05   1.5424135E-04   2.8342555E-03   3.6411925E-03   3.8397981E-03   4.7139667E-03   1.0527782E-02  -5.7779324E-05   6.7377471E-05   1.1140003E-04   3.6837545E-04   3.8918388E-05   1.0127710E-04   3.2294891E-04   2.8075763E-04  -9.8306151E-04   8.7028929E-03
  1.0538781E-04   1.4648625E-05  -3.6539664E-06  -2.9583784E-07   2.3471744E-06  -9.7896967E-07   3.6465104E-06  -4.0714730E-06   2.0775044E-07  -3.5589781E-06  -1.9515333E-05  -3.5246054E-05  -5.3020295E-05  -2.9572376E-05  -5.7779324E-05   2.0019434E-04   2.0160133E-05  -3.0944001E-06  -3.3612029E-06  -2.2040340E-05   2.8140121E-05   8.6107270E-07   5.5818383E-06   3.6986380E-04  -8.6935185E-03
 -1.0092758E-03   2.2387908E-06   7.1024084E-06  -1.2033038E-07  -4.6897206E-06  -1.5366508E-07   2.1857490E-06   3.2012643E-06  -1.3515312E-06  -5.0027923E-08  -9.3288398E-06   4.8588304E-05   4.5142367E-05   6.6524646E-05   6.7377471E-05   2.0160133E-05   1.2312446E-04   4.9136750E-06   1.0850561E-05   3.3934357E-06  -3.6711000E-05   3.0558763E-05   1.1880525E-05   2.5216651E-04  -2.8026346E-03
 -4.4846434E-04  -6.3100208E-05   9.3516708E-07  -2.0902019E-07  -2.9163918E-06   2.5843663E-06   6.4579814E-07   5.4236920E-06   9.1960600E-06   1.1384318E-06   7.9479466E-05   9.2023341E-05   7.4445834E-05   1.0467810E-04   1.1140003E-04  -3.0944001E-06   4.9136750E-06   9.7333313E-05   2.7736547E-05  -3.4545172E-06   5.2688226E-06  -2.1489737E-05   1.8233697E-05   1.6456916E-04   2.7566620E-03
 -4.7819166E-05  -2.4166414E-04  -1.7148284E-05   2.3897011E-07  -2.6838321E-06   1.4529353E-06   1.4204577E-06  -4.0002131E-06   8.7409954E-06   6.2336566E-06   1.6585009E-04   2.2516529E-04   2.4307058E-04   3.1081551E-04   3.6837545E-04  -3.3612029E-06   1.0850561E-05   2.7736547E-05   3.7108811E-04  -2.2434998E-06   1.1310731E-05   6.9175127E-05  -5.5116620E-05  -1.1695419E-04   2.1688374E-03
  1.1068643E-03  -2.8386547E-06   1.0092331E-05   1.3897816E-07   9.6273053E-07   1.7029818E-06  -2.8473727E-07  -2.3589582E-06   1.1196736E-05  -1.5818890E-06  -4.3497754E-05  -4.1061671E-06  -2.2263295E-05  -9.0121249E-06   3.8918388E-05  -2.2040340E-05   3.3934357E-06  -3.4545172E-06  -2.2434998E-06   4.7488387E-04   1.1470300E-05   1.3222626E-05  -1.3868152E-05   1.2202468E-04  -3.0072342E-03
  2.5537416E-04  -7.7035815E-05  -1.4839497E-05  -5.8070041E-08   1.2276036E-06   7.4648790E-08   3.6446592E-06   3.5673733E-08   1.8145251E-06   1.8961554E-05   3.1186337E-05   1.2467262E-04   2.9103068E-05   5.6688460E-05   1.0127710E-04   2.8140121E-05  -3.6711000E-05   5.2688226E-06   1.1310731E-05   1.1470300E-05   4.5647530E-04   6.8566052E-06   7.0556145E-06   2.1441199E-04  -1.8043942E-04
 -1.9009891E-03  -1.8041318E-04   8.9836069E-06  -3.2746121E-07  -1.6715664E-05   4.7945037E-06  -2.9274773E-08  -4.1890772E-06  -1.8828472E-07  -4.4692621E-06   3.1853265E-04   3.4707442E-04   2.9095880E-04   3.6826207E-04   3.2294891E-04   8.6107270E-07   3.0558763E-05  -2.1489737E-05   6.9175127E-05   1.3222626E-05   6.8566052E-06   4.4299437E-04   6.3699275E-05  -1.5860790E-04   2.9586222E-03
 -2.0155255E-03  -1.5084050E-04  -2.0278943E-06  -2.8423705E-07  -1.2797399E-05   2.6793372E-06   1.3620393E-06   4.7036947E-07   8.2129664E-06   5.1174472E-06   1.0255343E-04   2.6820438E-04   2.7303742E-04   2.9796149E-04   2.8075763E-04   5.5818383E-06   1.1880525E-05   1.8233697E-05  -5.5116620E-05  -1.3868152E-05   7.0556145E-06   6.3699275E-05   4.3242987E-04  -1.6416292E-04   2.7908168E-03
  4.7706132E-03   1.0617955E-03   1.5311342E-04   3.4688002E-06   3.7794107E-05  -6.4177245E-05  -6.3078773E-05   4.3659029E-05  -2.6063151E-04   6.1192401E-05  -6.9937975E-04  -1.7625184E-03  -1.4424642E-03  -1.9136659E-03  -9.8306151E-04   3.6986380E-04   2.5216651E-04   1.6456916E-04  -1.1695419E-04   1.2202468E-04   2.1441199E-04  -1.5860790E-04  -1.6416292E-04   3.4490444E-02   1.3095096E-01
  1.7194762E-02  -2.4542181E-03   2.0887996E-03   8.5477738E-05  -6.7654004E-04   1.1313217E-03  -6.9014793E-04   4.3418014E-04  -8.5392352E-04  -1.9162708E-04   1.6940217E-02   3.3533317E-03   5.6251429E-03   1.1117835E-03   8.7028929E-03  -8.6935185E-03  -2.8026346E-03   2.7566620E-03   2.1688374E-03  -3.0072342E-03  -1.8043942E-04   2.9586222E-03   2.7908168E-03   1.3095096E-01   5.4097301E+00
