# H0 a_c a_gee a_gte a_gtt a_kSZ a_p a_psee a_pste a_s a_tSZ beta_p logA n_s omega_b omega_cdm tau_reio xi
  6.2007754E-01   2.1849931E-02  -1.3904066E-05  -2.5949704E-03   2.9823761E-03   1.3742645E-02  -1.2763318E-02  -1.6993396E-04  -3.9338402E-04  -5.7228159E-04   8.5315602E-03   3.6651158E-04   6.7828302E-03   3.9721539E-03   2.4503600E-05  -1.6164441E-03   5.7482676E-03  -1.0623814E-03
  2.1849931E-02   2.5763125E-01   1.3166199E-04  -3.8742923E-04  -4.6802258E-02  -1.7366902E-01  -1.3756919E-01  -6.9868899E-05  -2.2976451E-06  -2.3952727E-03   5.8986497E-02  -4.3538180E-03  -7.5492394E-05   2.4433282E-05  -1.2013309E-07  -5.8147003E-05   1.0045856E-05  -9.5452590E-03
 -1.3904066E-05   1.3166199E-04   6.5052467E-04   2.7853434E-05  -7.0153879E-05   1.5854601E-04  -1.1372611E-04  -3.1873098E-06   7.6127307E-06   7.7553814E-07  -8.8141371E-05   1.3772966E-05  -1.2558782E-05   1.7163159E-05  -1.0470392E-07  -2.2072455E-07   2.5685384E-06   6.5345519E-07
 -2.5949704E-03  -3.8742923E-04   2.7853434E-05   1.4446690E-03   4.5547204E-05  -1.8387980E-04   2.5152332E-04  -4.5257089E-06  -2.3601153E-05   2.2876995E-06   3.0388501E-05  -1.8669968E-06  -3.2481635E-05  -4.5788366E-06  -4.6817901E-07   5.9945352E-06  -2.2142910E-05  -1.8896956E-06
  2.9823761E-03  -4.6802258E-02  -7.0153879E-05   4.5547204E-05   9.1179865E-02  -4.1855319E-03   1.7331742E-02  -1.0861857E-05  -1.0995815E-05  -2.0944189E-04   2.2147580E-03   6.9169334E-04  -1.4241627E-04  -2.1635035E-05  -3.2569019E-07  -7.5111210E-06  -7.3193130E-05   6.3234401E-05
  1.3742645E-02  -1.7366902E-01   1.5854601E-04  -1.8387980E-04  -4.1855319E-03   5.7422011E-01   3.1064492E-02   9.2124742E-05   8.8830347E-05   1.2047845E-02  -2.0339774E-01   1.0126159E-02  -8.7583847E-04   6.1778322E-05  -5.1566653E-06  -4.4824295E-05  -4.2068600E-04   2.6644186E-02
 -1.2763318E-02  -1.3756919E-01  -1.1372611E-04   2.5152332E-04   1.7331742E-02   3.1064492E-02   1.1486093E-01   4.1980579E-05  -3.3025360E-05   9.6861460E-04  -1.2009306E-02  -4.1448449E-03   3.3541256E-04   1.8526744E-05   3.1523112E-06   3.7850022E-05   1.3631363E-04   5.8980199E-03
 -1.6993396E-04  -6.9868899E-05  -3.1873098E-06  -4.5257089E-06  -1.0861857E-05   9.2124742E-05   4.1980579E-05   3.9374669E-05   3.3384481E-06  -8.7565421E-06   1.5945194E-05  -2.4297218E-06  -3.5106806E-06  -8.0980347E-07  -4.9190976E-08   3.3898387E-07  -2.1405188E-06   8.5373507E-06
 -3.9338402E-04  -2.2976451E-06   7.6127307E-06  -2.3601153E-05  -1.0995815E-05   8.8830347E-05  -3.3025360E-05   3.3384481E-06   2.0665250E-04   7.2088765E-06  -3.2636267E-05   3.4096347E-06  -1.3339087E-05   1.2024607E-05  -3.8007393E-07   2.1400882E-07  -2.8237955E-06  -4.7823385E-06
 -5.7228159E-04  -2.3952727E-03   7.7553814E-07   2.2876995E-06  -2.0944189E-04   1.2047845E-02   9.6861460E-04  -8.7565421E-06   7.2088765E-06   2.6870851E-03  -1.1423448E-02   2.1704267E-05   1.6084182E-04   2.6471191E-05   8.2783971E-07   3.0497947E-06   8.0261519E-05   7.9279067E-04
  8.5315602E-03   5.8986497E-02  -8.8141371E-05   3.0388501E-05   2.2147580E-03  -2.0339774E-01  -1.2009306E-02   1.5945194E-05  -3.2636267E-05  -1.1423448E-02   9.9147539E-02  -3.0215820E-03  -5.3803030E-04  -5.0334853E-05  -2.0444989E-06  -2.7522608E-05  -2.3110001E-04  -9.7803539E-03
  3.6651158E-04  -4.3538180E-03   1.3772966E-05  -1.8669968E-06   6.9169334E-04   1.0126159E-02  -4.1448449E-03  -2.4297218E-06   3.4096347E-06   2.1704267E-05  -3.0215820E-03   1.4138962E-03  -3.7865074E-05   2.2861796E-07  -4.6546756E-07  -1.6314988E-06  -1.5666751E-05  -1.6713765E-04
  6.7828302E-03  -7.5492394E-05  -1.2558782E-05  -3.2481635E-05  -1.4241627E-04  -8.7583847E-04   3.3541256E-04  -3.5106806E-06  -1.3339087E-05   1.6084182E-04  -5.3803030E-04  -3.7865074E-05   5.4175389E-04   2.2610610E-05   5.6745174E-07  -1.7161812E-05   2.8870052E-04   1.8375165E-05
  3.9721539E-03   2.4433282E-05   1.7163159E-05  -4.5788366E-06  -2.1635035E-05   6.1778322E-05   1.8526744E-05  -8.0980347E-07   1.2024607E-05   2.6471191E-05  -5.0334853E-05   2.2861796E-07   2.2610610E-05   6.4479775E-05  -4.5977269E-07  -1.1569245E-05   4.1338688E-05  -5.8192653E-06
  2.4503600E-05  -1.2013309E-07  -1.0470392E-07  -4.6817901E-07  -3.2569019E-07  -5.1566653E-06   3.1523112E-06  -4.9190976E-08  -3.8007393E-07   8.2783971E-07  -2.0444989E-06  -4.6546756E-07   5.6745174E-07  -4.5977269E-07   1.9400793E-08  -2.6161485E-08   1.4814357E-07   1.2045695E-07
 -1.6164441E-03  -5.8147003E-05  -2.2072455E-07   5.9945352E-06  -7.5111210E-06  -4.4824295E-05   3.7850022E-05   3.3898387E-07   2.1400882E-07   3.0497947E-06  -2.7522608E-05  -1.6314988E-06  -1.7161812E-05  -1.1569245E-05  -2.6161485E-08   4.3407340E-06  -1.5261774E-05   3.0835657E-06
  5.7482676E-03   1.0045856E-05   2.5685384E-06  -2.2142910E-05  -7.3193130E-05  -4.2068600E-04   1.3631363E-04  -2.1405188E-06  -2.8237955E-06   8.0261519E-05  -2.3110001E-04  -1.5666751E-05   2.8870052E-04   4.1338688E-05   1.4814357E-07  -1.5261774E-05   1.6902748E-04   2.5670877E-06
 -1.0623814E-03  -9.5452590E-03   6.5345519E-07  -1.8896956E-06   6.3234401E-05   2.6644186E-02   5.8980199E-03   8.5373507E-06  -4.7823385E-06   7.9279067E-04  -9.7803539E-03  -1.6713765E-04   1.8375165E-05  -5.8192653E-06   1.2045695E-07   3.0835657E-06   2.5670877E-06   1.8134674E-03
