# H0 logA n_s omega_b omega_cdm tau_reio
  2.9401613E+02   1.2452819E+00  -2.0515194E-02  -2.6117523E-04   9.0982843E-02   1.1794393E-02
  1.2452819E+00   1.6620738E-02   8.2578213E-04  -8.5233726E-06  -7.5444177E-04   1.6758591E-05
 -2.0515194E-02   8.2578213E-04   3.7889896E-04   1.0186545E-07  -8.8792832E-05  -7.1074732E-06
 -2.6117523E-04  -8.5233726E-06   1.0186545E-07   7.7887419E-07   1.1250667E-06  -2.9411300E-07
  9.0982843E-02  -7.5444177E-04  -8.8792832E-05   1.1250667E-06   1.5018606E-04   6.6580168E-06
  1.1794393E-02   1.6758591E-05  -7.1074732E-06  -2.9411300E-07   6.6580168E-06   1.4985425E-04
