# H0 logA n_s omega_b omega_cdm tau_reio A_planck
  4.9512482E-01   3.7672826E-03   2.4364821E-03   9.2833068E-05  -1.0818011E-03   3.3053010E-03  -1.6221756E-04
  3.7672826E-03   6.4268014E-04   2.0032527E-05   7.3415762E-07  -7.9154340E-06   3.2199448E-04   6.6960701E-06
  2.4364821E-03   2.0032527E-05   2.1554529E-05   4.2601244E-07  -5.3938149E-06   1.8124979E-05  -8.2647774E-07
  9.2833068E-05   7.3415762E-07   4.2601244E-07   2.6691564E-08  -1.8153277E-07   5.8882091E-07  -3.5323942E-08
 -1.0818011E-03  -7.9154340E-06  -5.3938149E-06  -1.8153277E-07   2.4692298E-06  -7.2013239E-06   2.9169960E-07
  3.3053010E-03   3.2199448E-04   1.8124979E-05   5.8882091E-07  -7.2013239E-06   1.7160872E-04  -2.3940993E-06
 -1.6221756E-04   6.6960701E-06  -8.2647774E-07  -3.5323942E-08   2.9169960E-07  -2.3940993E-06   5.4749540E-06
