# H0 logA n_s omega_b omega_cdm tau_reio yp2
  2.4659002E+00   5.2098688E-04   1.0177839E-02   1.1813968E-04  -5.8957722E-03   5.9767914E-03  -2.3833781E-03
  5.2098688E-04   8.8715380E-04  -1.3915029E-04   1.5338913E-06   1.8362611E-06   3.7070215E-04  -1.1664769E-05
  1.0177839E-02  -1.3915029E-04   2.2279500E-04  -2.0163154E-06  -2.9433086E-05   2.5485479E-05  -2.1053132E-06
  1.1813968E-04   1.5338913E-06  -2.0163154E-06   9.9976437E-08  -8.9165400E-08   2.8341162E-07   2.5921367E-07
 -5.8957722E-03   1.8362611E-06  -2.9433086E-05  -8.9165400E-08   1.4837429E-05  -1.4626840E-05   6.5086179E-06
  5.9767914E-03   3.7070215E-04   2.5485479E-05   2.8341162E-07  -1.4626840E-05   1.9989201E-04  -3.2480285E-06
 -2.3833781E-03  -1.1664769E-05  -2.1053132E-06   2.5921367E-07   6.5086179E-06  -3.2480285E-06   2.3571798E-05
